1949, 90, 1, 20210828, 1483 
2897, 90, 1, 20210829, 1483 
1949, 90, 1, 20210828, 1483 
2897, 90, 1, 20210829, 1483 
3458, 35, 0, 20210823, 5480 
3458, 35, 0, 20210824, 5480 
3458, 35, 0, 20210825, 5480 
3458, 35, 0, 20210826, 5480 
3577, 66, 0, 20210823, 3520 
3577, 66, 0, 20210824, 3520 
3577, 66, 0, 20210825, 3520 
3577, 66, 0, 20210826, 3520 
4161, 35, 0, 20210830, 5480 
4161, 35, 0, 20210831, 5480 
4280, 66, 0, 20210830, 3520 
4280, 66, 0, 20210831, 3520 
4850, 35, 0, 20210827, 5480 
4969, 66, 0, 20210827, 3520 
5620, 35, 0, 20210828, 5480 
5797, 61, 1, 20210828, 2289 
6726, 35, 0, 20210829, 5480 
6839, 61, 1, 20210829, 2289 
6965, 43, 1, 20210829, 5458 
7507, 45, 0, 20210823, 1531 
7507, 45, 0, 20210824, 1531 
7507, 45, 0, 20210825, 1531 
7507, 45, 0, 20210826, 1531 
7902, 63, 1, 20210830, 6416 
7902, 63, 1, 20210831, 6416 
7903, 63, 1, 20210830, 3325 
7903, 63, 1, 20210831, 3325 
7904, 63, 1, 20210830, 6062 
7904, 63, 1, 20210831, 6062 
7905, 63, 1, 20210830, 3313 
7905, 63, 1, 20210831, 3313 
7906, 63, 1, 20210830, 3332 
7906, 63, 1, 20210831, 3332 
7907, 63, 1, 20210830, 3358 
7907, 63, 1, 20210831, 3358 
7908, 63, 1, 20210830, 3359 
7908, 63, 1, 20210831, 3359 
7975, 45, 0, 20210830, 1531 
7975, 45, 0, 20210831, 1531 
8629, 45, 0, 20210827, 1531 
9343, 45, 0, 20210828, 1531 
9781, 45, 0, 20210829, 1531 
9816, 63, 1, 20210829, 6416 
9817, 63, 1, 20210829, 3325 
9818, 63, 1, 20210829, 6062 
9819, 63, 1, 20210829, 3313 
9820, 63, 1, 20210829, 3332 
9821, 63, 1, 20210829, 3358 
9822, 63, 1, 20210829, 3359 
12073, 56, 1, 20210828, 2367 
12116, 47, 0, 20210829, 3001B 
12277, 17, 0, 20210901, 5299 
12277, 17, 0, 20210902, 5299 
12277, 17, 0, 20210903, 5299 
12277, 17, 0, 20210906, 5299 
12277, 17, 0, 20210907, 5299 
12277, 17, 0, 20210908, 5299 
12277, 17, 0, 20210909, 5299 
12277, 17, 0, 20210910, 5299 
12277, 17, 0, 20210913, 5299 
12277, 17, 0, 20210914, 5299 
12277, 17, 0, 20210915, 5299 
12277, 17, 0, 20210916, 5299 
12277, 17, 0, 20210917, 5299 
13793, 28, 0, 20210902, 1154 
13793, 28, 0, 20210903, 1154 
13793, 28, 0, 20210906, 1154 
13793, 28, 0, 20210907, 1154 
13793, 28, 0, 20210916, 1154 
13793, 28, 0, 20210917, 1154 
13794, 28, 0, 20210902, 2289 
13794, 28, 0, 20210903, 2289 
13794, 28, 0, 20210906, 2289 
13794, 28, 0, 20210907, 2289 
13794, 28, 0, 20210916, 2289 
13794, 28, 0, 20210917, 2289 
13880, 28, 0, 20210904, 1154 
13880, 28, 0, 20210911, 1154 
13880, 28, 0, 20210918, 1154 
13881, 28, 0, 20210904, 2289 
13881, 28, 0, 20210911, 2289 
13881, 28, 0, 20210918, 2289 
14963, 35, 0, 20210905, 5480 
15027, 35, 0, 20210912, 5480 
15410, 39, 1, 20210904, 2788 
15410, 39, 1, 20210911, 2788 
15410, 39, 1, 20210918, 2788 
15536, 39, 1, 20210905, 2788 
15611, 39, 1, 20210912, 2788 
15841, 43, 1, 20210912, 5458 
15915, 45, 0, 20210901, 1531 
15915, 45, 0, 20210902, 1531 
15915, 45, 0, 20210903, 1531 
15915, 45, 0, 20210906, 1531 
15915, 45, 0, 20210907, 1531 
15915, 45, 0, 20210908, 1531 
15915, 45, 0, 20210909, 1531 
15915, 45, 0, 20210910, 1531 
15915, 45, 0, 20210913, 1531 
15915, 45, 0, 20210914, 1531 
15915, 45, 0, 20210915, 1531 
15915, 45, 0, 20210916, 1531 
15915, 45, 0, 20210917, 1531 
16022, 45, 0, 20210905, 1531 
16022, 45, 0, 20210912, 1531 
16694, 46, 0, 20210904, 3263B 
16694, 46, 0, 20210911, 3263B 
16694, 46, 0, 20210918, 3263B 
16695, 46, 0, 20210904, 6648 
16695, 46, 0, 20210911, 6648 
16695, 46, 0, 20210918, 6648 
16696, 46, 0, 20210904, 3259B 
16696, 46, 0, 20210911, 3259B 
16696, 46, 0, 20210918, 3259B 
16697, 46, 0, 20210904, 3260 
16697, 46, 0, 20210911, 3260 
16697, 46, 0, 20210918, 3260 
16698, 46, 0, 20210904, 3261 
16698, 46, 0, 20210911, 3261 
16698, 46, 0, 20210918, 3261 
16699, 46, 0, 20210904, 1894 
16699, 46, 0, 20210911, 1894 
16699, 46, 0, 20210918, 1894 
16916, 47, 0, 20210905, 3001B 
16916, 47, 0, 20210912, 3001B 
18624, 54, 1, 20210901, 2299 
18624, 54, 1, 20210902, 2299 
18624, 54, 1, 20210903, 2299 
18624, 54, 1, 20210906, 2299 
18624, 54, 1, 20210907, 2299 
18624, 54, 1, 20210908, 2299 
18624, 54, 1, 20210909, 2299 
18624, 54, 1, 20210910, 2299 
18624, 54, 1, 20210913, 2299 
18624, 54, 1, 20210914, 2299 
18624, 54, 1, 20210915, 2299 
18624, 54, 1, 20210916, 2299 
18624, 54, 1, 20210917, 2299 
21246, 66, 0, 20210901, 3520 
21246, 66, 0, 20210902, 3520 
21246, 66, 0, 20210903, 3520 
21246, 66, 0, 20210906, 3520 
21246, 66, 0, 20210907, 3520 
21246, 66, 0, 20210908, 3520 
21246, 66, 0, 20210909, 3520 
21246, 66, 0, 20210910, 3520 
21246, 66, 0, 20210913, 3520 
21246, 66, 0, 20210914, 3520 
21246, 66, 0, 20210915, 3520 
21246, 66, 0, 20210916, 3520 
21246, 66, 0, 20210917, 3520 
21697, 33, 1, 20210904, 1483 
21697, 33, 1, 20210911, 1483 
21697, 33, 1, 20210918, 1483 
21728, 33, 0, 20210904, 1208 
21728, 33, 0, 20210911, 1208 
21728, 33, 0, 20210918, 1208 
21729, 33, 0, 20210904, 2582 
21729, 33, 0, 20210911, 2582 
21729, 33, 0, 20210918, 2582 
21730, 33, 0, 20210904, 2585 
21730, 33, 0, 20210911, 2585 
21730, 33, 0, 20210918, 2585 
21767, 33, 1, 20210905, 1483 
21767, 33, 1, 20210912, 1483 
21773, 33, 0, 20210905, 1208 
21773, 33, 0, 20210912, 1208 
21774, 33, 0, 20210905, 2582 
21774, 33, 0, 20210912, 2582 
21775, 33, 0, 20210905, 2585 
21775, 33, 0, 20210912, 2585 
22357, 61, 1, 20210906, 2289 
22357, 61, 1, 20210907, 2289 
22357, 61, 1, 20210916, 2289 
22357, 61, 1, 20210917, 2289 
22612, 61, 1, 20210911, 2289 
22612, 61, 1, 20210918, 2289 
22714, 61, 1, 20210905, 2289 
23325, 49, 0, 20210905, 1112 
23325, 49, 0, 20210912, 1112 
23600, 33, 0, 20210904, 1555 
23600, 33, 0, 20210911, 1555 
23600, 33, 0, 20210918, 1555 
23601, 33, 0, 20210904, 2788 
23601, 33, 0, 20210911, 2788 
23601, 33, 0, 20210918, 2788 
23881, 48, 1, 20210905, 2392 
25320, 28, 0, 20210901, 1154 
25321, 28, 0, 20210901, 2289 
25383, 1, 1, 20210823, 8262 
25383, 1, 1, 20210824, 8262 
25383, 1, 1, 20210825, 8262 
25383, 1, 1, 20210826, 8262 
25383, 1, 1, 20210827, 8262 
25383, 1, 1, 20210830, 8262 
25383, 1, 1, 20210831, 8262 
26049, 1, 1, 20210901, 8262 
26049, 1, 1, 20210902, 8262 
26049, 1, 1, 20210903, 8262 
26049, 1, 1, 20210906, 8262 
26049, 1, 1, 20210907, 8262 
26049, 1, 1, 20210908, 8262 
26049, 1, 1, 20210909, 8262 
26049, 1, 1, 20210910, 8262 
26049, 1, 1, 20210913, 8262 
26049, 1, 1, 20210914, 8262 
26049, 1, 1, 20210915, 8262 
26049, 1, 1, 20210916, 8262 
26049, 1, 1, 20210917, 8262 
26143, 2, 0, 20210901, 8642 
26143, 2, 0, 20210902, 8642 
26143, 2, 0, 20210903, 8642 
26143, 2, 0, 20210906, 8642 
26143, 2, 0, 20210907, 8642 
26143, 2, 0, 20210908, 8642 
26143, 2, 0, 20210909, 8642 
26143, 2, 0, 20210910, 8642 
26143, 2, 0, 20210913, 8642 
26143, 2, 0, 20210914, 8642 
26143, 2, 0, 20210915, 8642 
26143, 2, 0, 20210916, 8642 
26143, 2, 0, 20210917, 8642 
26144, 2, 0, 20210901, 8652 
26144, 2, 0, 20210902, 8652 
26144, 2, 0, 20210903, 8652 
26144, 2, 0, 20210906, 8652 
26144, 2, 0, 20210907, 8652 
26144, 2, 0, 20210908, 8652 
26144, 2, 0, 20210909, 8652 
26144, 2, 0, 20210910, 8652 
26144, 2, 0, 20210913, 8652 
26144, 2, 0, 20210914, 8652 
26144, 2, 0, 20210915, 8652 
26144, 2, 0, 20210916, 8652 
26144, 2, 0, 20210917, 8652 
26145, 2, 0, 20210901, 8662 
26145, 2, 0, 20210902, 8662 
26145, 2, 0, 20210903, 8662 
26145, 2, 0, 20210906, 8662 
26145, 2, 0, 20210907, 8662 
26145, 2, 0, 20210908, 8662 
26145, 2, 0, 20210909, 8662 
26145, 2, 0, 20210910, 8662 
26145, 2, 0, 20210913, 8662 
26145, 2, 0, 20210914, 8662 
26145, 2, 0, 20210915, 8662 
26145, 2, 0, 20210916, 8662 
26145, 2, 0, 20210917, 8662 
26146, 2, 0, 20210901, 8672 
26146, 2, 0, 20210902, 8672 
26146, 2, 0, 20210903, 8672 
26146, 2, 0, 20210906, 8672 
26146, 2, 0, 20210907, 8672 
26146, 2, 0, 20210908, 8672 
26146, 2, 0, 20210909, 8672 
26146, 2, 0, 20210910, 8672 
26146, 2, 0, 20210913, 8672 
26146, 2, 0, 20210914, 8672 
26146, 2, 0, 20210915, 8672 
26146, 2, 0, 20210916, 8672 
26146, 2, 0, 20210917, 8672 
26147, 2, 0, 20210901, 8682 
26147, 2, 0, 20210902, 8682 
26147, 2, 0, 20210903, 8682 
26147, 2, 0, 20210906, 8682 
26147, 2, 0, 20210907, 8682 
26147, 2, 0, 20210908, 8682 
26147, 2, 0, 20210909, 8682 
26147, 2, 0, 20210910, 8682 
26147, 2, 0, 20210913, 8682 
26147, 2, 0, 20210914, 8682 
26147, 2, 0, 20210915, 8682 
26147, 2, 0, 20210916, 8682 
26147, 2, 0, 20210917, 8682 
26148, 2, 0, 20210901, 8692 
26148, 2, 0, 20210902, 8692 
26148, 2, 0, 20210903, 8692 
26148, 2, 0, 20210906, 8692 
26148, 2, 0, 20210907, 8692 
26148, 2, 0, 20210908, 8692 
26148, 2, 0, 20210909, 8692 
26148, 2, 0, 20210910, 8692 
26148, 2, 0, 20210913, 8692 
26148, 2, 0, 20210914, 8692 
26148, 2, 0, 20210915, 8692 
26148, 2, 0, 20210916, 8692 
26148, 2, 0, 20210917, 8692 
26149, 2, 0, 20210901, 8702 
26149, 2, 0, 20210902, 8702 
26149, 2, 0, 20210903, 8702 
26149, 2, 0, 20210906, 8702 
26149, 2, 0, 20210907, 8702 
26149, 2, 0, 20210908, 8702 
26149, 2, 0, 20210909, 8702 
26149, 2, 0, 20210910, 8702 
26149, 2, 0, 20210913, 8702 
26149, 2, 0, 20210914, 8702 
26149, 2, 0, 20210915, 8702 
26149, 2, 0, 20210916, 8702 
26149, 2, 0, 20210917, 8702 
26150, 2, 0, 20210901, 8712 
26150, 2, 0, 20210902, 8712 
26150, 2, 0, 20210903, 8712 
26150, 2, 0, 20210906, 8712 
26150, 2, 0, 20210907, 8712 
26150, 2, 0, 20210908, 8712 
26150, 2, 0, 20210909, 8712 
26150, 2, 0, 20210910, 8712 
26150, 2, 0, 20210913, 8712 
26150, 2, 0, 20210914, 8712 
26150, 2, 0, 20210915, 8712 
26150, 2, 0, 20210916, 8712 
26150, 2, 0, 20210917, 8712 
26151, 2, 0, 20210901, 8722 
26151, 2, 0, 20210902, 8722 
26151, 2, 0, 20210903, 8722 
26151, 2, 0, 20210906, 8722 
26151, 2, 0, 20210907, 8722 
26151, 2, 0, 20210908, 8722 
26151, 2, 0, 20210909, 8722 
26151, 2, 0, 20210910, 8722 
26151, 2, 0, 20210913, 8722 
26151, 2, 0, 20210914, 8722 
26151, 2, 0, 20210915, 8722 
26151, 2, 0, 20210916, 8722 
26151, 2, 0, 20210917, 8722 
26152, 2, 0, 20210901, 8732 
26152, 2, 0, 20210902, 8732 
26152, 2, 0, 20210903, 8732 
26152, 2, 0, 20210906, 8732 
26152, 2, 0, 20210907, 8732 
26152, 2, 0, 20210908, 8732 
26152, 2, 0, 20210909, 8732 
26152, 2, 0, 20210910, 8732 
26152, 2, 0, 20210913, 8732 
26152, 2, 0, 20210914, 8732 
26152, 2, 0, 20210915, 8732 
26152, 2, 0, 20210916, 8732 
26152, 2, 0, 20210917, 8732 
27011, 5, 0, 20210823, 6485G 
27011, 5, 0, 20210824, 6485G 
27011, 5, 0, 20210825, 6485G 
27011, 5, 0, 20210826, 6485G 
27011, 5, 0, 20210827, 6485G 
27012, 5, 1, 20210823, 6486G 
27012, 5, 1, 20210824, 6486G 
27012, 5, 1, 20210825, 6486G 
27012, 5, 1, 20210826, 6486G 
27012, 5, 1, 20210827, 6486G 
27057, 5, 0, 20210828, 6485G 
27094, 5, 0, 20210829, 6485G 
27186, 5, 0, 20210823, 6422F 
27186, 5, 0, 20210824, 6422F 
27186, 5, 0, 20210825, 6422F 
27186, 5, 0, 20210826, 6422F 
27186, 5, 0, 20210827, 6422F 
27428, 5, 0, 20210828, 6422F 
27499, 5, 0, 20210829, 6422F 
27596, 6, 1, 20210823, 6485G 
27596, 6, 1, 20210824, 6485G 
27596, 6, 1, 20210825, 6485G 
27596, 6, 1, 20210826, 6485G 
27596, 6, 1, 20210827, 6485G 
27602, 6, 0, 20210823, 5776 
27602, 6, 0, 20210824, 5776 
27602, 6, 0, 20210825, 5776 
27602, 6, 0, 20210826, 5776 
27602, 6, 0, 20210827, 5776 
27629, 6, 1, 20210830, 6485G 
27629, 6, 1, 20210831, 6485G 
27683, 5, 1, 20210830, 6486G 
27683, 5, 1, 20210831, 6486G 
27717, 6, 1, 20210828, 6485G 
27736, 6, 1, 20210829, 6485G 
28009, 13, 0, 20210823, 0470F 
28009, 13, 0, 20210824, 0470F 
28009, 13, 0, 20210825, 0470F 
28009, 13, 0, 20210826, 0470F 
28009, 13, 0, 20210827, 0470F 
28009, 13, 0, 20210830, 0470F 
28009, 13, 0, 20210831, 0470F 
28327, 25, 1, 20210823, 2351F 
28327, 25, 1, 20210824, 2351F 
28327, 25, 1, 20210825, 2351F 
28327, 25, 1, 20210826, 2351F 
28327, 25, 1, 20210827, 2351F 
28444, 25, 1, 20210829, 2351F 
28530, 40, 0, 20210823, 1042 
28530, 40, 0, 20210824, 1042 
28530, 40, 0, 20210825, 1042 
28530, 40, 0, 20210826, 1042 
28530, 40, 0, 20210827, 1042 
28530, 40, 0, 20210830, 1042 
28530, 40, 0, 20210831, 1042 
28533, 41, 0, 20210823, 1042 
28533, 41, 0, 20210824, 1042 
28533, 41, 0, 20210825, 1042 
28533, 41, 0, 20210826, 1042 
28533, 41, 0, 20210827, 1042 
28533, 41, 0, 20210830, 1042 
28533, 41, 0, 20210831, 1042 
28542, 42, 1, 20210823, 9952G 
28542, 42, 1, 20210824, 9952G 
28542, 42, 1, 20210825, 9952G 
28542, 42, 1, 20210826, 9952G 
28542, 42, 1, 20210827, 9952G 
28542, 42, 1, 20210830, 9952G 
28542, 42, 1, 20210831, 9952G 
29127, 42, 1, 20210823, 6812 
29127, 42, 1, 20210824, 6812 
29127, 42, 1, 20210825, 6812 
29127, 42, 1, 20210826, 6812 
29127, 42, 1, 20210827, 6812 
29127, 42, 1, 20210830, 6812 
29127, 42, 1, 20210831, 6812 
29245, 42, 1, 20210828, 6812 
29347, 42, 1, 20210829, 6812 
30295, 10, 1, 20210823, 0636 
30295, 10, 1, 20210824, 0636 
30295, 10, 1, 20210825, 0636 
30295, 10, 1, 20210826, 0636 
30295, 10, 1, 20210827, 0636 
30563, 10, 1, 20210828, 0636 
30674, 10, 1, 20210829, 0636 
30697, 9, 1, 20210830, 3334G 
30697, 9, 1, 20210831, 3334G 
30796, 9, 0, 20210828, 3338F 
30797, 9, 0, 20210828, 5041F 
30846, 25, 0, 20210828, 2351F 
30849, 9, 0, 20210828, 2246F 
30922, 5, 1, 20210901, 9986F 
30922, 5, 1, 20210902, 9986F 
30922, 5, 1, 20210903, 9986F 
30923, 5, 1, 20210901, 5219F 
30923, 5, 1, 20210902, 5219F 
30923, 5, 1, 20210903, 5219F 
31006, 5, 0, 20210901, 6422F 
31006, 5, 0, 20210902, 6422F 
31006, 5, 0, 20210903, 6422F 
31018, 6, 1, 20210901, 9986F 
31018, 6, 1, 20210902, 9986F 
31018, 6, 1, 20210903, 9986F 
31067, 5, 1, 20210906, 9986F 
31067, 5, 1, 20210907, 9986F 
31067, 5, 1, 20210908, 9986F 
31067, 5, 1, 20210909, 9986F 
31067, 5, 1, 20210910, 9986F 
31067, 5, 1, 20210913, 9986F 
31067, 5, 1, 20210914, 9986F 
31067, 5, 1, 20210915, 9986F 
31067, 5, 1, 20210916, 9986F 
31067, 5, 1, 20210917, 9986F 
31068, 5, 1, 20210906, 5219F 
31068, 5, 1, 20210907, 5219F 
31068, 5, 1, 20210908, 5219F 
31068, 5, 1, 20210909, 5219F 
31068, 5, 1, 20210910, 5219F 
31068, 5, 1, 20210913, 5219F 
31068, 5, 1, 20210914, 5219F 
31068, 5, 1, 20210915, 5219F 
31068, 5, 1, 20210916, 5219F 
31068, 5, 1, 20210917, 5219F 
31151, 5, 0, 20210906, 6422F 
31151, 5, 0, 20210907, 6422F 
31151, 5, 0, 20210908, 6422F 
31151, 5, 0, 20210909, 6422F 
31151, 5, 0, 20210910, 6422F 
31151, 5, 0, 20210913, 6422F 
31151, 5, 0, 20210914, 6422F 
31151, 5, 0, 20210915, 6422F 
31151, 5, 0, 20210916, 6422F 
31151, 5, 0, 20210917, 6422F 
31163, 6, 1, 20210906, 9986F 
31163, 6, 1, 20210907, 9986F 
31163, 6, 1, 20210908, 9986F 
31163, 6, 1, 20210909, 9986F 
31163, 6, 1, 20210910, 9986F 
31163, 6, 1, 20210913, 9986F 
31163, 6, 1, 20210914, 9986F 
31163, 6, 1, 20210915, 9986F 
31163, 6, 1, 20210916, 9986F 
31163, 6, 1, 20210917, 9986F 
31318, 5, 0, 20210904, 6422F 
31473, 5, 0, 20210911, 6422F 
31694, 5, 0, 20210905, 6422F 
31849, 5, 0, 20210912, 6422F 
32286, 6, 1, 20210901, 6485G 
32286, 6, 1, 20210902, 6485G 
32286, 6, 1, 20210903, 6485G 
32286, 6, 1, 20210906, 6485G 
32286, 6, 1, 20210907, 6485G 
32286, 6, 1, 20210908, 6485G 
32286, 6, 1, 20210909, 6485G 
32286, 6, 1, 20210910, 6485G 
32286, 6, 1, 20210913, 6485G 
32286, 6, 1, 20210914, 6485G 
32286, 6, 1, 20210915, 6485G 
32286, 6, 1, 20210916, 6485G 
32286, 6, 1, 20210917, 6485G 
32292, 5, 1, 20210901, 6486G 
32292, 5, 1, 20210902, 6486G 
32292, 5, 1, 20210903, 6486G 
32292, 5, 1, 20210906, 6486G 
32292, 5, 1, 20210907, 6486G 
32292, 5, 1, 20210908, 6486G 
32292, 5, 1, 20210909, 6486G 
32292, 5, 1, 20210910, 6486G 
32292, 5, 1, 20210913, 6486G 
32292, 5, 1, 20210914, 6486G 
32292, 5, 1, 20210915, 6486G 
32292, 5, 1, 20210916, 6486G 
32292, 5, 1, 20210917, 6486G 
32372, 5, 1, 20210904, 6486G 
32372, 5, 1, 20210911, 6486G 
32373, 6, 1, 20210904, 6485G 
32373, 6, 1, 20210911, 6485G 
32458, 6, 1, 20210918, 6485G 
32534, 5, 1, 20210918, 6486G 
32545, 5, 1, 20210905, 6486G 
32546, 6, 1, 20210905, 6485G 
32556, 5, 1, 20210912, 6486G 
32557, 6, 1, 20210912, 6485G 
33571, 26, 0, 20210901, 0539 
33571, 26, 0, 20210902, 0539 
33571, 26, 0, 20210903, 0539 
33589, 9, 0, 20210901, 2246F 
33589, 9, 0, 20210902, 2246F 
33589, 9, 0, 20210903, 2246F 
33685, 26, 0, 20210906, 0539 
33685, 26, 0, 20210907, 0539 
33685, 26, 0, 20210908, 0539 
33685, 26, 0, 20210909, 0539 
33685, 26, 0, 20210910, 0539 
33685, 26, 0, 20210913, 0539 
33685, 26, 0, 20210914, 0539 
33685, 26, 0, 20210915, 0539 
33685, 26, 0, 20210916, 0539 
33685, 26, 0, 20210917, 0539 
33703, 9, 0, 20210906, 2246F 
33703, 9, 0, 20210907, 2246F 
33703, 9, 0, 20210908, 2246F 
33703, 9, 0, 20210909, 2246F 
33703, 9, 0, 20210910, 2246F 
33703, 9, 0, 20210913, 2246F 
33703, 9, 0, 20210914, 2246F 
33703, 9, 0, 20210915, 2246F 
33703, 9, 0, 20210916, 2246F 
33703, 9, 0, 20210917, 2246F 
34018, 9, 0, 20210905, 2246F 
34093, 9, 0, 20210912, 2246F 
34191, 42, 1, 20210901, 9952G 
34191, 42, 1, 20210902, 9952G 
34191, 42, 1, 20210903, 9952G 
34191, 42, 1, 20210906, 9952G 
34191, 42, 1, 20210907, 9952G 
34191, 42, 1, 20210908, 9952G 
34191, 42, 1, 20210909, 9952G 
34191, 42, 1, 20210910, 9952G 
34191, 42, 1, 20210913, 9952G 
34191, 42, 1, 20210914, 9952G 
34191, 42, 1, 20210915, 9952G 
34191, 42, 1, 20210916, 9952G 
34191, 42, 1, 20210917, 9952G 
35132, 9, 0, 20210904, 3338F 
35133, 9, 0, 20210904, 5041F 
35134, 9, 1, 20210904, 2793F 
35191, 9, 0, 20210911, 3338F 
35191, 9, 0, 20210918, 3338F 
35192, 9, 0, 20210911, 5041F 
35192, 9, 0, 20210918, 5041F 
35197, 9, 1, 20210911, 2793F 
35197, 9, 1, 20210918, 2793F 
35239, 26, 1, 20210905, 1645F 
35240, 9, 1, 20210905, 2793F 
35281, 9, 1, 20210912, 2793F 
35341, 42, 1, 20210901, 6812 
35341, 42, 1, 20210902, 6812 
35341, 42, 1, 20210903, 6812 
35341, 42, 1, 20210906, 6812 
35341, 42, 1, 20210907, 6812 
35341, 42, 1, 20210908, 6812 
35341, 42, 1, 20210909, 6812 
35341, 42, 1, 20210910, 6812 
35341, 42, 1, 20210913, 6812 
35341, 42, 1, 20210914, 6812 
35341, 42, 1, 20210915, 6812 
35341, 42, 1, 20210916, 6812 
35341, 42, 1, 20210917, 6812 
35529, 42, 1, 20210904, 6812 
35529, 42, 1, 20210911, 6812 
35529, 42, 1, 20210918, 6812 
35676, 42, 1, 20210905, 6812 
35754, 42, 1, 20210912, 6812 
36160, 8, 0, 20210901, 5159F 
36160, 8, 0, 20210902, 5159F 
36160, 8, 0, 20210903, 5159F 
36162, 8, 0, 20210901, 9920F 
36162, 8, 0, 20210902, 9920F 
36162, 8, 0, 20210903, 9920F 
36566, 11, 1, 20210905, 6351 
36587, 8, 1, 20210905, 5066F 
36588, 8, 1, 20210905, 5068F 
36589, 8, 1, 20210905, 6361 
36635, 7, 1, 20210905, 6351 
37195, 8, 0, 20210906, 9920F 
37195, 8, 0, 20210907, 9920F 
37195, 8, 0, 20210908, 9920F 
37195, 8, 0, 20210909, 9920F 
37195, 8, 0, 20210910, 9920F 
37195, 8, 0, 20210913, 9920F 
37195, 8, 0, 20210914, 9920F 
37195, 8, 0, 20210915, 9920F 
37195, 8, 0, 20210916, 9920F 
37195, 8, 0, 20210917, 9920F 
